7-6-5-5: [(11, 45, 34, 27, 18, 42), (11, 34, 27, 18, 40, 42), (11, 45, 34, 27, 40, 42), (45, 34, 27, 18, 40, 42), (11, 45, 34, 27, 18, 40), (11, 45, 34, 18, 40, 42)]
8-6-4-4: [(15, 41, 33, 11, 5, 42), (15, 4, 41, 24, 33, 42), (4, 41, 24, 11, 5, 42), (4, 24, 33, 11, 5, 42), (15, 4, 24, 11, 5, 42), (15, 41, 24, 33, 11, 5), (15, 4, 41, 33, 11, 5)]
7-6-5-5: [(12, 29, 15, 7, 36, 3), (12, 29, 27, 15, 7, 36), (12, 29, 27, 7, 36, 3), (12, 29, 27, 15, 36, 3), (12, 29, 27, 15, 7, 3), (12, 27, 15, 7, 36, 3)]
8-4-2-1: [(32, 26, 30, 4), (35, 48, 16, 17)]
8-4-2-1: [(21, 35, 44, 2), (13, 7, 43, 21)]
8-4-1-1: [(49, 35, 27, 24), (49, 15, 24, 46), (49, 48, 29, 46)]
9-8-1-1: [(55, 30, 48, 13, 23, 41, 50, 21), (55, 30, 48, 23, 41, 49, 50, 21)]
9-6-2-1: [(40, 20, 30, 8, 21, 49), (32, 20, 33, 30, 21, 49)]
9-8-1-1: [(34, 48, 46, 50, 37, 32, 13, 23), (34, 48, 46, 50, 37, 32, 47, 13)]
8-4-1-1: [(29, 42, 1, 48), (29, 11, 48, 26), (42, 33, 10, 48)]
8-4-1-1: [(33, 20, 36, 10), (33, 7, 46, 36), (33, 37, 30, 10)]
8-6-3-2: [(41, 4, 37, 2, 18, 35), (41, 4, 34, 2, 11, 35)]
